Acaryochloris.marina.MBIC11017	0	2	0	1	1	0	0	0	0	0	0	0	0	0	0	0	0	0	1	3	0	0	0	0	0	0	0	0	1	0	0	0	0	0	0	0	0	0	0	0	0	0	1	1
Acaryochloris.sp.CCMEE5410	0	2&3	0	1	1	0	0	0	0	0	0	0	0	0	0	0	0	0	1	1	0	0	1	0	1	0	0	0	0	0	0	0	0	0	0	0	0	0	0	0	0	0	1	1
Anabaena.cylindrica.PCC7122	0	0	1	0	0	1	1	1&2	1	1	1	1	1	0	1	1	1	0	0	0	1	0	0	0	0	0	0	0	0	1	1	0	0	0	0	0	0	1	1	0	0	0	0	1
Anabaena.sp.PCC7108	0	0	1	0	0	1	1	1&2	1	1	1	1	1	0	1	1	1	0	0&1	1&2&7	0	1	1	0	1	1	0	0	0	1	1	0	0	0	0	0	0	1	1	0	0	0	0	1
Anabaena.variabilis.ATCC29413	0	0	1	0	0	1	1	1	0	1	1	1	1	0	1	1	1	0	0&1	1&2&7	0	1	1	0	1	1	0	0	0	1	1	0	0	1	0	0	0	1	1	0	0	0	0	1
Arthrospira.maxima.CS.328	0	2&3	0	1	1	0	0	0	0	0	0	0	0	0	1	1	1	0	0	0	1	0	0	0	0	0	0	0	0	1	1	0	1	1	0	0	0	1	1	0	0	0	0	0
Arthrospira.platensis.str.Paraca	0	1	0	0	0	0	0	0	0	0	0	0	0	0	1	1	1	0	1	?	?	?	?	?	?	?	?	?	?	1	1	0	1	1	0	0	0	1	1	0	0	0	0	0
Arthrospira.sp.PCC8005	0	1&2	0	1	1	0	0	0	0	0	0	0	0	0	1	1	1	0	0	0	1	0	0	0	0	0	0	0	0	1	1	0	1	1	0	0	0	1	1	0	0	0	0	0
Calothrix.sp.PCC6303	0	0	1	0	0	0	1	2	1	0	1	1	1	0	1	2	0	1	1	1&2	0	0	1	0	1	1	0	0	0	1	1	0	1	0	1	0	0	1	1	0	0	0	0	0
Calothrix.sp.PCC7103	0	0	1	0	0	0	1	2	1	0	1	1	1	0	1	2	0	1	1	1&2	0	0	1	0	1	1	0	0	0	1	1	0	1	0	1	0	0	1	1	0	0	0	0	0
Calothrix.sp.PCC7507	0	0	1	0	0	1	1	1&2	1	1	1	1	1	0	1	2	0	1	1	1&2	0	0	1	0	1	1	0	0	0	1	1	0	1	0	1	0	0	1	1	0	0	0	0	0
Chamaesiphon.minutus.PCC6605	0	0	1	0	0	0	0	0	0	0	0	0	0	0	0	0	0	0	1	1&2	0	0	1	0	1	1	0	0	0	0	0	0	0	0	0	0	0	0	0	0	0	0	1	0
Chlorogloeopsis.fritschii.PCC6912	1	0	1	0	0	1	1	1&2	1	1	1	1	1	0	0	0	0	0	1	0	1	0	0	0	0	0	0	0	0	1	1	0	1	0	0	0	1	1&2	1	1	0	0	1	1
Chlorogloeopsis.sp.PCC9212	1	0	1	0	0	1	1	1&2	1	1	1	1	1	0	0	0	0	0	1	0	1	0	0	0	0	0	0	0	0	1	1	0	1	0	0	0	1	1&2	1	1	0	0	1	1
Chroococcidiopsis.thermalis.PCC7203	0	0	1	0	0	0	0	0	0	0	1	2	0	1	0	0	0	0	1	1&4&5&6	0	0	1	1	1	0	1	1	0	0	0	0	0	0	0	0	1	0	0	0	0	1	1	1
Crinalium.epipsammum.PCC9333	0	0	1	0	0	0	0	0	0	0	0	0	0	0	1	1	1	0	1	1	0	0	1	0	1	0	0	0	0	0	0	0	0	0	0	0	0	0	0	0	0	0	0	0
Crocosphaera.watsonii.WH0003	0	2	0	1	1	0	0	0	0	0	1	2	0	1	0	0	0	0	0	0	1	0	0	0	0	0	0	0	0	0	0	0	0	0	0	0	0	0	0	0	0	0	0	1
Crocosphaera.watsonii.WH8501	0	2	0	1	1	0	0	0	0	0	1	2	0	1	0	0	0	0	0	0	1	0	0	0	0	0	0	0	0	0	0	0	0	0	0	0	0	0	0	0	0	0	0	0
Cyanobacterium.aponinum.PCC10605	0	0&1&2	1	1	0&1	0	0	0	0	0	?	?	?	?	0	0	0	0	1	7	0	1	0	0	0	0	0	0	0	0	0	0	0	0	0	0	0	0	0	0	0	0	1	1
Cyanobacterium.stanieri.PCC7202	0	0&1&2	1	1	0&1	0	0	0	0	0	0	0	0	0	0	0	0	0	0	0	1	0	0	0	0	0	0	0	0	0	0	0	0	0	0	0	0	0	0	0	0	0	0	0
Cyanobacterium.UCYN.A	0	2	0	1	1	0	0	0	0	0	1	1	1	0	0	0	0	0	1	2	0	0	0	0	0	1	0	0	0	?	?	?	0	?	0	0	0	0	0	0	0	0	?	?
Cyanobium.gracile.PCC6307	0	0	1	0	0	0	0	0	0	0	0	0	0	0	0	0	0	0	0	0	1	0	0	0	0	0	0	0	0	0	0	0	0	0	0	0	0	0	0	0	0	0	0	0
Cyanobium.sp.PCC7001	0	0&1&2	1	1	0&1	0	0	0	0	0	0	0	0	0	0	0	0	0	0	?	?	?	?	?	?	?	?	?	?	0	0	0	0	0	0	0	0	0	0	0	0	0	0	0
Cyanothece.sp.ATCC51142	0	2	0	1	1	0	0	0	0	0	1	1	1	0	0	0	0	0	0	0	1	0	0	0	0	0	0	0	0	0	0	0	0	0	0	0	0	0	0	0	0	0	0	1
Cyanothece.sp.ATCC51472	0	2	0	1	1	0	0	0	0	0	1	1	1	0	0	0	0	0	0	0	1	0	0	0	0	0	0	0	0	0	0	0	0	0	0	0	0	0	0	0	0	0	0	0
Cyanothece.sp.CCY0110	0	2	0	1	1	0	0	0	0	0	1	1	1	0	0	0	0	0	0	0	1	0	0	0	0	0	0	0	0	?	?	?	0	?	0	0	0	0	0	0	0	0	0	1
Cyanothece.sp.PCC7424	0	0	1	0	0	0	0	0	0	0	1	2	0	1	0	0	0	0	0	0	1	0	0	0	0	0	0	0	0	0	0	0	0	0	0	0	0	0	0	0	0	0	0	1
Cyanothece.sp.PCC7425	0	0	1	0	0	0	0	0	0	0	1	2	0	1	0	0	0	0	0	0	1	0	0	0	0	0	0	0	0	0	0	0	0	0	0	0	0	0	0	0	0	0	0	1
Cyanothece.sp.PCC7822	0	0	1	0	0	0	0	0	0	0	1	1	1	0	0	0	0	0	0	0	1	0	0	0	0	0	0	0	0	0	0	0	0	0	0	0	0	0	0	0	0	0	0	1
Cyanothece.sp.PCC8801	0	0	1	0	0	0	0	0	0	0	1	1	1	0	0	0	0	0	0	0	1	0	0	0	0	0	0	0	0	0	0	0	0	0	0	0	0	0	0	0	0	0	0	0
Cyanothece.sp.PCC8802	0	0	1	0	0	0	0	0	0	0	1	1	1	0	0	0	0	0	0	0	1	0	0	0	0	0	0	0	0	0	0	0	0	0	0	0	0	0	0	0	0	0	0	1
Cylindrospermopsis.raciborskii.CS.505	0	0	1	0	0	1	1	2	1	0	1	1	1	0	1	1	1	0	0	0	1	0	0	0	0	0	0	0	0	0	0	0	0	1	0	0	0	1	1	0	0	0	0	0
Cylindrospermum.stagnale.PCC7417	0	0	0	0	0	1	1	2	1	0	1	1	1	0	1	1	1	0	1	4	0	0	0	0	0	0	1	0	0	1	1	0	0	0	0	0	0	1	1	0	0	0	0	1
Dactylococcopsis.salina.PCC8305	0	3	0	1	1	0	0	0	0	0	0	0	0	0	0	0	0	0	0	0	1	0	0	0	0	0	0	0	0	0	0	0	0	1	0	0	0	0	0	0	0	0	0	0
Fischerella.muscicola.PCC73103	1	0	1	0	0	1	1	1&2	1	1	1	1	1	0	1	1	1	0	1	1&2	0	0	1	0	1	1	0	0	0	1	1	0	1	0	1	1	1	1&2	1	1	0	0	0	1
Fischerella.muscicola.PCC7414	1	0	1	0	0	1	1	1&2	1	1	1	1	1	0	1	1	1	0	1	1&2	0	0	1	0	1	1	0	0	0	1	1	0	1	0	1	1	1	1&2	1	1	0	0	0	1
Fischerella.sp.JSC.11	1	0	1	0	0	1	1	1&2	1	1	1	1	1	0	1	1	1	0	1	1&2	0	0	1	0	1	1	0	0	0	1	1	0	1	?	1	1	1	1&2	1	1	0	0	0	1
Fischerella.sp.PCC9339	0	0	1	0	0	1	1	1&2	1	1	1	1	1	0	1	1	1	0	1	1&2	0	0	1	0	1	1	0	0	0	1	1	0	1	0	1	1	1	1&2	1	1	0	0	0	1
Fischerella.thermalis.PCC7521	1	0	1	0	0	1	1	1&2	1	1	1	1	1	0	1	1	1	0	1	1&2	0	0	1	0	1	1	0	0	0	1	1	0	1	0	1	1	1	1&2	1	1	0	0	0	1
Geitlerinema.sp.PCC7105	0	2	0	1	1	0	0	0	0	0	0	0	0	0	1	1	1	0	1	2&7	0	1	0	0	0	1	0	0	0	1	1	0	1	0	0	0	0	1	1	0	0	0	0	1
Geitlerinema.sp.PCC7407	0	0&1&2	1	1	0&1	0	0	0	0	0	0	0	0	0	1	1	1	0	1	2&7	0	1	0	0	0	1	0	0	0	1	1	0	1	0	0	0	0	1	1	0	0	0	0	1
Geminocystis.herdmanii.PCC6308	0	0	1	0	0	0	0	0	0	0	0	0	0	0	0	0	0	0	0	0	1	0	0	0	0	0	0	0	0	0	0	0	0	0	0	0	1	0	0	0	0	0	0	1
Gloeobacter.violaceus.PCC7421	0	0	1	0	0	0	0	0	0	0	0	0	0	0	0	0	0	0	1	1	0	0	1	0	1	0	0	0	0	0	0	0	0	0	0	0	0	0	0	0	0	0	1	1
Gloeocapsa.sp.PCC73106	0	0	1	0	0	0	0	0	0	0	0	0	0	0	0	0	0	0	1	1&2	0	0	1	0	1	1	0	0	0	1	1	0	0	0	0	0	1	0	0	0	0	0	1	1
Gloeocapsa.sp.PCC7428	0	0&1&2	1	1	0&1	0	0	0	0	0	0	0	0	0	0	0	0	0	1	1&2	0	0	1	0	1	1	0	0	0	0	0	0	0	0	0	0	1	0	0	0	0	0	1	1
Halothece.sp.PCC7418	0	2&3	0	1	1	0	0	0	0	0	?	?	?	?	0	0	0	0	1	7	0	1	0	0	0	0	0	0	0	0	0	0	0	1	0	0	0	0	0	0	0	0	0	0
Leptolyngbya.sp.PCC6406	0	0	1	0	0	0	0	0	0	0	1	2	0	1	1	1	1	0	1	1&2&4	0	0	1	0	1	1	1	0	0	1	1	0	1	1	0	0	0	1	1	0	0	0	1	0
Leptolyngbya.sp.PCC7375	0	2	0	1	1	0	0	0	0	0	?	?	?	?	1	1	1	0	1	1&2&4	0	0	1	0	1	1	1	0	0	0	0	0	1	0	0	1	0	1	1	0	0	0	?	0
Leptolyngbya.sp.PCC7376	0	2	0	1	1	0	0	0	0	0	?	?	?	?	1	1	1	0	0	1&2&4	0	0	1	0	1	1	1	0	0	0	0	0	1	0	0	0	0	1	1	0	0	0	1	0
Lyngbya.sp.PCC8106	0	1&2	0	1	0&1	0	0	0	0	0	1	2	0	1	1	1	1	0	1	7	0	1	0	0	0	0	0	0	0	1	1	0	1	0	0	0	0	1	1	0	0	0	1	0
Mastigocladopsis.repens.PCC10914	0	0	1	0	0	0	1	1	0	1	1	1	1	0	1	1	1	0	1	1	0	0	1	0	1	0	0	0	0	1	1	0	0	0	0	1	1	1	1	0	0	0	1	0
Microchaete.sp.PCC7126	0	0	1	0	0	1	1	2	1	0	1	1	1	0	1	2	0	1	1	1&2&4	0	0	1	0	1	1	1	0	0	1	1	0	1	0	1	0	0	1	1	0	0	0	1	0
Microcoleus.chthonoplastes.PCC7420	0	2	0	1	1	0	0	0	0	0	0	0	0	0	1	1	1	0	1	1&2&4	0	0	1	0	1	1	1	0	0	1	1	0	1	0	0	0	0	3	0	0	1	0	1	1
Microcoleus.sp.PCC7113	0	0	1	0	0	0	0	0	0	0	1	2	0	1	1	1	1	0	1	1&2&4	0	0	1	0	1	1	1	0	0	1	1	0	1	0	0	0	0	3	0	0	1	0	1	1
Microcoleus.vaginatus.FGP.2	0	0	1	0	0	0	0	0	0	0	1	2	0	1	1	1	1	0	1	1&2&4	0	0	1	0	1	1	1	0	0	1	1	0	1	0	0	0	0	3	0	0	1	0	1	1
Microcystis.aeruginosa.NIES.843	0	0	1	0	0	0	0	0	0	0	0	0	0	0	0	0	0	0	0	0	1	0	0	0	0	0	0	0	0	0	0	0	0	1	0	0	1	0	0	0	0	0	0	1
Microcystis.aeruginosa.PCC7806	0	0	1	0	0	0	0	0	0	0	0	0	0	0	0	0	0	0	0	0	1	0	0	0	0	0	0	0	0	0	0	0	0	1	0	0	1	0	0	0	0	0	0	1
Microcystis.aeruginosa.PCC7941	0	0	1	0	0	0	0	0	0	0	0	0	0	0	0	0	0	0	0	0	1	0	0	0	0	0	0	0	0	?	?	?	0	1	0	0	1	0	0	0	0	0	0	1
Microcystis.aeruginosa.PCC9432	0	0	1	0	0	0	0	0	0	0	0	0	0	0	0	0	0	0	0	0	1	0	0	0	0	0	0	0	0	?	?	?	0	1	0	0	1	0	0	0	0	0	0	1
Microcystis.aeruginosa.PCC9443	0	0	1	0	0	0	0	0	0	0	0	0	0	0	0	0	0	0	0	0	1	0	0	0	0	0	0	0	0	?	?	?	0	1	0	0	1	0	0	0	0	0	0	1
Microcystis.aeruginosa.PCC9701	0	0	1	0	0	0	0	0	0	0	0	0	0	0	0	0	0	0	0	0	1	0	0	0	0	0	0	0	0	?	?	?	0	1	0	0	1	0	0	0	0	0	0	1
Microcystis.aeruginosa.PCC9717	0	0	1	0	0	0	0	0	0	0	0	0	0	0	0	0	0	0	0	0	1	0	0	0	0	0	0	0	0	?	?	?	0	1	0	0	1	0	0	0	0	0	0	1
Microcystis.aeruginosa.PCC9806	0	0	1	0	0	0	0	0	0	0	0	0	0	0	0	0	0	0	0	0	1	0	0	0	0	0	0	0	0	?	?	?	0	1	0	0	1	0	0	0	0	0	0	1
Microcystis.aeruginosa.PCC9807	0	0	1	0	0	0	0	0	0	0	0	0	0	0	0	0	0	0	0	0	1	0	0	0	0	0	0	0	0	?	?	?	0	1	0	0	1	0	0	0	0	0	0	1
Microcystis.aeruginosa.PCC9808	0	0	1	0	0	0	0	0	0	0	0	0	0	0	0	0	0	0	0	0	1	0	0	0	0	0	0	0	0	?	?	?	0	1	0	0	1	0	0	0	0	0	0	1
Microcystis.aeruginosa.PCC9809	0	0	1	0	0	0	0	0	0	0	0	0	0	0	0	0	0	0	0	0	1	0	0	0	0	0	0	0	0	?	?	?	0	1	0	0	1	0	0	0	0	0	0	1
Microcystis.sp.T1.4	0	0	1	0	0	0	0	0	0	0	0	0	0	0	0	0	0	0	0	0	1	0	0	0	0	0	0	0	0	?	?	?	0	1	0	0	1	0	0	0	0	0	0	1
Moorea.producta.3L	0	2	0	1	1	0	0	0	0	0	0	0	0	0	1	1	1	0	1	1&7	0	1	1	0	1	0	0	0	0	1	1	0	1	0	0	0	0	1	1	0	0	0	1	1
Nodosilinea.nodulosa.PCC7104	0	0&1&2	1	1	0&1	0	0	0	0	0	1	1	1	0	1	1	1	0	0&1	1	0	0	1	0	1	0	0	0	0	1	1	0	1	0	1	0	0	1&2	1	1	0	0	1	0
Nodularia.spumigena.CCY9414	0	1	0	0	0	1	1	2	1	0	1	1	1	0	1	1	1	0	0	0	1	0	0	0	0	0	0	0	0	1	1	0	1	1	0	0	0	1	1	0	0	0	1	0
Nostoc.azollae.0708	0	0	1	0	0	1	1	1&2	1	1	1	1	1	0	1	1	1	0	1	5	0	0	0	0	0	0	0	0	0	1	1	0	1	?	0	0	0	1	1	0	0	0	1	1
Nostoc.punctiforme.PCC73102	0	0	1	0	0	1	1	1&2	1	1	1	1	1	0	1	1	1	0	1	1&2	0	0	1	0	1	1	0	0	0	1	1	0	1	1	0	0	0	1	1	0	0	0	1	1
Nostoc.sp.PCC7107	0	0	1	0	0	1	1	1&2	1	1	1	1	1	0	1	1	1	0	1	1&2	0	0	1	0	1	1	0	0	0	1	1	0	1	1	0	0	0	1	1	0	0	0	1	1
Nostoc.sp.PCC7120	0	0	1	0	0	1	1	1&2	1	1	1	1	1	0	1	1	1	0	1	1&2	0	0	1	0	1	1	0	0	0	0	0	0	1	1	0	0	0	1	1	0	0	0	1	1
Nostoc.sp.PCC7524	0	0	1	0	0	1	1	1&2	1	1	1	1	1	0	1	1	1	0	1	1&2	0	0	1	0	1	1	0	0	0	1	1	0	1	0	0	0	0	1	1	0	0	0	1	1
Oscillatoria.acuminata.PCC6304	0	0	1	0	0	0	0	0	0	0	0	0	0	0	1	1	1	0	1	1&2&7	0	1	1	0	1	1	0	0	0	2	0	1	1	?	0	0	0	1	1	0	0	0	1	0
Oscillatoria.formosa.PCC6407	0	0	1	0	0	0	0	0	0	0	1	2	0	1	1	1	1	0	1	1&2&7	0	1	1	0	1	1	0	0	0	2	0	1	1	?	0	0	0	1	1	0	0	0	1	0
Oscillatoria.nigro.viridis.PCC7112	0	0	1	0	0	0	0	0	0	0	0	0	0	0	1	1	1	0	1	1&2&7	0	1	1	0	1	1	0	0	0	2	0	1	1	?	0	0	0	1	1	0	0	0	1	0
Oscillatoria.sp.PCC10802	?	0	1	0	0	0	0	0	0	0	0	0	0	0	1	1	1	0	1	1&2&7	0	1	1	0	1	1	0	0	0	2	0	1	1	?	0	0	0	1	1	0	0	0	1	0
Oscillatoria.sp.PCC6506	0	0	1	0	0	0	0	0	0	0	1	2	0	1	1	1	1	0	1	1&2&7	0	1	1	0	1	1	0	0	0	2	0	1	1	1	0	0	0	1	1	0	0	0	1	0
Oscillatoriales.cyanobacterium.JSC.12	?	0	1	0	0	0	0	0	0	0	?	?	?	?	1	1	1	0	1	7	0	1	0	0	0	0	0	0	0	?	?	?	?	?	0	0	0	1	1	0	0	0	1	?
Pleurocapsa.sp.PCC7319	0	2	0	1	1	0	0	0	0	0	0	0	0	0	0&2	2	0	1	1	1&3	0	0	1	0	1	0	0	0	1	1	1	0	0	0	0	1	1	1&2	1	1	0	1	0	0
Pleurocapsa.sp.PCC7327	1	0	1	0	0	0	0	0	0	0	1	2	0	1	0&2	2	0	1	1	1	0	0	1	0	1	0	0	0	0	1	1	0	0	0	0	0	1	1&2	1	1	0	1	?	0
Prochlorococcus.marinus.str.AS9601	0	2	0	1	1	0	0	0	0	0	0	0	0	0	0	0	0	0	0	0	1	0	0	0	0	0	0	0	0	0	0	0	0	0	0	0	0	0	0	0	0	0	0	0
Prochlorococcus.marinus.str.MIT9202	0	2	0	1	1	0	0	0	0	0	0	0	0	0	0	0	0	0	0	0	1	0	0	0	0	0	0	0	0	0	0	0	0	0	0	0	0	0	0	0	0	0	0	0
Prochlorococcus.marinus.str.MIT9211	0	2	0	1	1	0	0	0	0	0	0	0	0	0	0	0	0	0	0	0	1	0	0	0	0	0	0	0	0	0	0	0	0	0	0	0	0	0	0	0	0	0	0	0
Prochlorococcus.marinus.str.MIT9215	0	2	0	1	1	0	0	0	0	0	0	0	0	0	0	0	0	0	0	0	1	0	0	0	0	0	0	0	0	0	0	0	0	0	0	0	0	0	0	0	0	0	0	0
Prochlorococcus.marinus.str.MIT9301	0	2	0	1	1	0	0	0	0	0	0	0	0	0	0	0	0	0	0	0	1	0	0	0	0	0	0	0	0	0	0	0	0	0	0	0	0	0	0	0	0	0	0	0
Prochlorococcus.marinus.str.MIT9303	0	2	0	1	1	0	0	0	0	0	0	0	0	0	0	0	0	0	0	0	1	0	0	0	0	0	0	0	0	0	0	0	0	0	0	0	0	0	0	0	0	0	0	0
Prochlorococcus.marinus.str.MIT9312	0	2	0	1	1	0	0	0	0	0	0	0	0	0	0	0	0	0	0	0	1	0	0	0	0	0	0	0	0	0	0	0	0	0	0	0	0	0	0	0	0	0	0	0
Prochlorococcus.marinus.str.MIT9313	0	2	0	1	1	0	0	0	0	0	0	0	0	0	0	0	0	0	0	0	1	0	0	0	0	0	0	0	0	0	0	0	0	0	0	0	0	0	0	0	0	0	0	0
Prochlorococcus.marinus.str.MIT9515	0	2	0	1	1	0	0	0	0	0	0	0	0	0	0	0	0	0	0	0	1	0	0	0	0	0	0	0	0	0	0	0	0	0	0	0	0	0	0	0	0	0	0	0
Prochlorococcus.marinus.str.NATL1A	0	2	0	1	1	0	0	0	0	0	0	0	0	0	0	0	0	0	0	0	1	0	0	0	0	0	0	0	0	0	0	0	0	0	0	0	0	0	0	0	0	0	0	0
Prochlorococcus.marinus.str.NATL2A	0	2	0	1	1	0	0	0	0	0	0	0	0	0	0	0	0	0	0	0	1	0	0	0	0	0	0	0	0	0	0	0	0	0	0	0	0	0	0	0	0	0	0	0
Prochlorococcus.marinus.subsp.marinus.str.CCMP1375	0	2	0	1	1	0	0	0	0	0	0	0	0	0	0	0	0	0	0	0	1	0	0	0	0	0	0	0	0	0	0	0	0	0	0	0	0	0	0	0	0	0	0	0
Prochlorococcus.marinus.subsp.pastoris.str.CCMP1986	0	2	0	1	1	0	0	0	0	0	0	0	0	0	0	0	0	0	0	0	1	0	0	0	0	0	0	0	0	0	0	0	0	0	0	0	0	0	0	0	0	0	0	0
Prochloron.didemni	0	2	0	1	1	0	0	0	0	0	?	?	?	?	0	0	0	0	1	3	0	0	0	0	0	0	0	0	0	0	0	0	0	0	0	0	0	0	0	0	0	0	1	0
Prochlorothrix.hollandica.PCC9006	0	0	1	0	0	0	0	0	0	0	0	0	0	0	1	1	1	0	0	0	1	0	0	0	0	0	0	0	0	0	0	0	0	1	0	0	0	1	1	0	0	0	0	0
Pseudanabaena.biceps.PCC7429	0	0	1	0	0	0	0	0	0	0	0	0	0	0	1	1	1	0	0&1	?	?	?	?	?	?	?	?	?	?	1	1	0	0	1	0	0	0	1	1	0	0	0	0	0&1
Pseudanabaena.sp.PCC6802	0	0	1	0	0	0	0	0	0	0	1	2	0	1	1	1	1	0	0&1	?	?	?	?	?	?	?	?	?	?	0	0	0	0	1	0	0	0	1	1	0	0	0	0	0&1
Pseudanabaena.sp.PCC7367	0	2	0	1	1	0	0	0	0	0	0	0	0	0	1	1	1	0	1	3	0	0	0	0	0	0	0	0	1	1	1	0	0	1	0	0	0	1	1	0	0	0	0	0&1
Raphidiopsis.brookii.D9	0	0	1	0	0	1	0	0	0	0	0	0	0	0	1	1	1	0	0	0	1	0	0	0	0	0	0	0	0	0	0	0	0	1	0	0	0	1	1	0	0	0	0	1
Rivularia.sp.PCC7116	0	2	0	1	1	0	1	2	1	0	1	1	1	0	1	2	0	1	1	1&2&4	0	0	1	0	1	1	1	0	0	1	1	0	1	0	1	0	0	1	1	0	0	0	1	1
Spirulina.sp.PCC9445	0	1	0	0	0	0	0	0	0	0	0	0	0	0	1	1	1	0	1	4	0	0	0	0	0	0	1	0	0	1	1	0	1	0	0	0	0	1	1	0	0	0	1	0
Stanieria.cyanosphaera.PCC7437	0	0	1	0	0	0	0	0	0	0	0	0	0	0	0	0	0	0	1	4	0	0	0	0	0	0	1	0	0	1	1	0	0	0	0	0	1	0	0	0	0	1	1	1
Synechococcus.elongatus.PCC6301	0	0	1	0	0	0	0	0	0	0	0	0	0	0	0	0	0	0	?	?	?	?	?	?	?	?	?	?	?	0	0	0	0	0	0	0	0	0	0	0	0	0	0	0
Synechococcus.elongatus.PCC7942	0	0	1	0	0	0	0	0	0	0	?	?	?	?	0	0	0	0	?	?	?	?	?	?	?	?	?	?	?	0	0	0	0	0	0	0	0	0	0	0	0	0	0	0
Synechococcus.sp.BL107	0	2	0	1	1	0	0	0	0	0	?	?	?	?	0	0	0	0	0	0	1	0	0	0	0	0	0	0	0	?	?	?	0	?	0	0	0	0	0	0	0	0	0	0
Synechococcus.sp.CB0101	0	0&1&2	1	1	0&1	0	0	0	0	0	?	?	?	?	0	0	0	0	0	0	1	0	0	0	0	0	0	0	0	1	1	0	0	?	0	0	0	0	0	0	0	0	0	0
Synechococcus.sp.CB0205	0	0&1&2	1	1	0&1	0	0	0	0	0	?	?	?	?	0	0	0	0	0	0	1	0	0	0	0	0	0	0	0	1	1	0	0	?	0	0	0	0	0	0	0	0	0	0
Synechococcus.sp.CC9311	0	2	0	1	1	0	0	0	0	0	?	?	?	?	0	0	0	0	0	0	1	0	0	0	0	0	0	0	0	?	?	?	0	?	0	0	0	0	0	0	0	0	0	0
Synechococcus.sp.CC9605	0	2	0	1	1	0	0	0	0	0	?	?	?	?	0	0	0	0	0	0	1	0	0	0	0	0	0	0	0	?	?	?	0	?	0	0	0	0	0	0	0	0	0	0
Synechococcus.sp.CC9902	0	2	0	1	1	0	0	0	0	0	?	?	?	?	0	0	0	0	0	0	1	0	0	0	0	0	0	0	0	?	?	?	0	?	0	0	0	0	0	0	0	0	0	0
Synechococcus.sp.JA.2.3Bprime.a.2.13	1	0	1	0	0	0	0	0	0	0	?	?	?	?	0	0	0	0	1	7	0	1	0	0	0	0	0	0	0	?	?	?	0	0	0	0	0	0	0	0	0	0	0	0
Synechococcus.sp.JA.3.3Ab	1	0	1	0	0	0	0	0	0	0	?	?	?	?	0	0	0	0	1	7	0	1	0	0	0	0	0	0	0	?	?	?	0	0	0	0	0	0	0	0	0	0	0	0
Synechococcus.sp.PCC6312	0	0	1	0	0	0	0	0	0	0	0	0	0	0	0	0	0	0	?	?	?	?	?	?	?	?	?	?	?	0	0	0	0	0	0	0	0	0	0	0	0	0	0	0
Synechococcus.sp.PCC7002	0	0&1&2	1	1	0&1	0	0	0	0	0	0	0	0	0	0	0	0	0	?	?	?	?	?	?	?	?	?	?	?	0	0	0	0	0	0	0	0	0	0	0	0	0	0	0
Synechococcus.sp.PCC7335	0	2	0	1	1	0	0	0	0	0	1	2	0	1	0	0	0	0	?	?	?	?	?	?	?	?	?	?	?	0	0	0	0	0	0	0	0	0	0	0	0	0	0	0
Synechococcus.sp.PCC7336	0	2	0	1	1	0	0	0	0	0	?	?	?	?	0	0	0	0	?	?	?	?	?	?	?	?	?	?	?	?	?	?	0	0	0	0	0	0	0	0	0	0	0	0
Synechococcus.sp.PCC7502	0	0	1	0	0	0	0	0	0	0	0	0	0	0	0	0	0	0	?	?	?	?	?	?	?	?	?	?	?	0	0	0	0	0	0	0	0	0	0	0	0	0	0	0
Synechococcus.sp.RCC307	0	2	0	1	1	0	0	0	0	0	?	?	?	?	0	0	0	0	0	0	1	0	0	0	0	0	0	0	0	?	?	?	0	?	0	0	0	0	0	0	0	0	0	0
Synechococcus.sp.RS9916	0	2	0	1	1	0	0	0	0	0	?	?	?	?	0	0	0	0	0	0	1	0	0	0	0	0	0	0	0	?	?	?	0	?	0	0	0	0	0	0	0	0	0	0
Synechococcus.sp.RS9917	0	0&1&2	1	1	0&1	0	0	0	0	0	?	?	?	?	0	0	0	0	0	0	1	0	0	0	0	0	0	0	0	?	?	?	0	?	0	0	0	0	0	0	0	0	0	0
Synechococcus.sp.WH5701	0	0&1&2	1	1	0&1	0	0	0	0	0	?	?	?	?	0	0	0	0	0	0	1	0	0	0	0	0	0	0	0	0	0	0	0	?	0	0	0	0	0	0	0	0	0	0
Synechococcus.sp.WH7803	0	2	0	1	1	0	0	0	0	0	?	?	?	?	0	0	0	0	0	0	1	0	0	0	0	0	0	0	0	0	0	0	0	?	0	0	0	0	0	0	0	0	0	0
Synechococcus.sp.WH7805	0	2	0	1	1	0	0	0	0	0	?	?	?	?	0	0	0	0	0	0	1	0	0	0	0	0	0	0	0	0	0	0	0	?	0	0	0	0	0	0	0	0	0	0
Synechococcus.sp.WH8016	0	2	0	1	1	0	0	0	0	0	?	?	?	?	0	0	0	0	?	?	?	?	?	?	?	?	?	?	?	?	?	?	0	?	0	0	0	0	0	0	0	0	0	0
Synechococcus.sp.WH8102	0	2	0	1	1	0	0	0	0	0	?	?	?	?	0	0	0	0	0	0	1	0	0	0	0	0	0	0	0	0	0	0	0	?	0	0	0	0	0	0	0	0	0	0
Synechococcus.sp.WH8109	0	2	0	1	1	0	0	0	0	0	?	?	?	?	0	0	0	0	0	0	1	0	0	0	0	0	0	0	0	?	?	?	0	?	0	0	0	0	0	0	0	0	0	0
Synechocystis.sp.PCC6803	0	0&1&2	1	1	0&1	0	0	0	0	0	0	0	0	0	0	0	0	0	0	0	1	0	0	0	0	0	0	0	0	1	1	0	0	0	0	0	1	0	0	0	0	0	0	0&1
Synechocystis.sp.PCC7509	0	0	1	0	0	0	0	0	0	0	0	0	0	0	0	0	0	0	0	0	1	0	0	0	0	0	0	0	0	0	0	0	0	0	0	0	1	0	0	0	0	0	0	0&1
Thermosynechococcus.elongatus.BP.1	1	0&1&2&3	1	1	0&1	0	0	0	0	0	?	?	?	?	0	0	0	0	?	?	?	?	?	?	?	?	?	?	?	0	0	0	0	0	0	0	0	0	0	0	0	0	0	0
Trichodesmium.erythraeum.IMS101	0	2	0	1	1	0	0	0	0	0	1	1	0	0	1	1	1	0	0	?	?	?	?	?	?	?	?	?	?	1	1	0	1	1	0	0	0	1	1	0	0	0	0	1
Xenococcus.sp.PCC7305	0	2	0	1	1	0	0	0	0	0	1	2	0	1	0	0	0	0	1	1&2	0	0	1	0	1	1	0	0	0	0	0	0	0	0	0	0	1	0	0	0	0	1	1	1
