    103   25
1            1100101211111110000001112
2            1100101211111110000001112
3            1100101211111110000001112
4            1100101211111110000001112
5            1100101211111110000001112
6            1100101211111110000001112
7            1100101211111110000001112
8            1100101211111110000001112
9            1100101211111110000001112
10           1100000000000100000001110
11           1100001211110100000001112
12           1100001211111100000001112
13           1100001211111100000001112
14           1100001211110100000001112
15           1100001211110100000001112
16           1100001211110100000001112
17           1100001211110100000001112
18           1100001211111100000001112
19           1100001211110100000001112
20           1100001211110100000001112
21           1100001211112100000001112
22           1100001211112100000001112
23           1100101000001110000001112
24           1000101211111110000001111
25           1100001211111100000001112
26           1100001211110100000001112
27           1100012112221210101000101
28           1100200000001110000001110
29           1000212112222220001002111
30           1100211112112211001102112
31           1000212122212220001002121
32           1000112122212200001002121
33           1000212112222210000002221
34           1100211000002220001001222
35           1100212121112210001002121
36           1100111211112220001001122
37           1000112000002220001001121
38           1000112122212200001002121
39           0000112122212200001002101
40           1001212112212211001001121
41           1001212112212211001001101
42           1101212112222211001002221
43           2011212112212211111101221
44           1011212112212211111101201
45           2011212112212201111101201
46           2011212112212211111101221
47           2011202211112210011102211
48           1001212112112110111002101
49           1011212112212220001002221
50           1011212112222211001002101
51           1011212112212211001001121
52           1111212111122110001001211
53           1011212111112200001002201
54           1010111211111120001001221
55           1011211211111120001001111
56           1011211122212110001001221
57           1011211211112110001001221
58           1011211211112220001002121
59           1011211122212120001001221
60           1011212112211220001002211
61           1011212112212210001002201
62           1011212112212220001002201
63           1000202112121110010012221
64           1100102112211110010002211
65           1000101211111110010001211
66           1000102112211110000002111
67           1000112112111110000001111
68           1000112111122210001002111
69           1100101211111120000001122
70           1100002121111120000001121
71           1100002111111110000002121
72           1000102112212110010002221
73           1100011112221210001002112
74           1100100000001110000001110
75           1100101211111110000001112
76           1000101211111110010001221
77           1100002121111110000002211
78           1000102111122110010012221
79           1100102112112110111111121
80           1100202112211110010012221
81           2000202112112110011110121
82           1000101211111120010001221
83           1000101211110120010001221
84           1000201211111110000001221
85           1000201211111110000001221
86           1000201211111110000001111
87           1100201211111110000001112
88           1100201211111110000001222
89           1100201211110100000001202
90           1100202111210100000000011
91           1100101211112110010001212
92           1100112122112210001002221
93           1100112112222210000002221
94           1000212112222210000002221
95           0000012121110000001002001
96           2100000000001110000001110
97           1000100000001110000001111
98           1000201211111110000001221
99           1100102112111110000002211
100          1100102111111110000002211
101          1100112121212210001001211
102          1000111211111120001001111
103          1000102112111110000002211
